# 0.172 16 4045 2361
# 0.162 20 6145 3572
# 3.464 24 44399 25867
# 4.944 22 56132 32882
# 0.001 10 220 124
# 1.881 22 33130 19271
# 0.233 18 9983 5797
# 0.036 16 3587 2091
# 0.395 20 13317 7757
# 0.105 18 6523 3783
# 0.002 12 559 321
# 0.138 18 7840 4552
# 0.127 18 7197 4188
# 4.26 26 53995 31651
# 3.329 22 46807 27342
# 0.006 14 1066 617
# 0.112 18 6782 3934
# 0.846 22 20347 11880
# 5.285 24 61142 35835
# 22.22 26 135175 79806
# 0.412 20 13515 7881
# 5.51 26 62705 36733
# 0.001 8 103 58
# 0.354 20 12816 7456
# 0.908 26 21618 12630
# 0.025 16 2918 1692
# 0.075 18 5407 3141
# 0.208 22 9668 5617
# 0.102 20 6425 3740
# 0.848 22 20534 11924
# 0.301 20 11291 6593
# 0.904 22 20148 11740
# 0.304 18 11298 6609
# 0.014 16 2150 1251
# 0.843 20 19727 11481
# 0.037 16 3693 2155
# 0.294 22 11159 6505
# 0.006 16 1275 732
# 0.0 8 98 53
# 5.875 26 64149 37759
# 0.001 12 278 159
# 0.002 12 379 216
# 2.434 22 38522 22528
# 0.002 12 554 323
# 3.466 24 47327 27731
# 0.058 18 4716 2719
# 0.242 20 10592 6139
# 6.731 26 69666 40903
# 0.036 18 3705 2141
# 6.056 26 65122 38191
# 0.088 18 6114 3552
# 0.006 14 1316 762
# 4.338 22 53971 31571
# 15.769 28 112493 66229
# 1.487 22 29154 17035
# 0.346 20 12430 7237
# 6.994 28 71439 41928
# 1.006 24 22922 13352
# 8.913 26 81288 47700
# 0.009 14 1647 959
# 0.139 20 7501 4360
# 0.0 10 148 84
# 1.051 20 22777 13312
# 0.001 12 431 256
# 6.281 24 67019 39344
# 0.012 16 1913 1112
# 0.033 16 3414 1977
# 0.004 14 857 491
# 0.045 20 4187 2443
# 0.102 18 6504 3764
# 0.711 22 18325 10663
# 0.038 16 3719 2151
# 0.036 18 3682 2130
# 0.01 16 1656 960
# 24.832 30 144349 85216
# 1.391 22 27400 16067
# 0.001 10 190 110
# 0.749 24 18872 11008
# 0.042 16 3919 2274
# 0.506 20 15628 9094
# 0.004 16 774 444
# 0.33 24 11928 6948
# 0.045 16 4187 2428
# 0.001 10 170 95
# 0.128 16 7352 4294
# 0.007 16 1375 800
# 0.409 22 14231 8305
# 0.003 16 734 424
# 0.737 20 18379 10674
# 0.001 10 288 163
# 1.772 20 30585 17903
# 1.046 22 22925 13390
# 11.951 26 96185 56548
# 0.047 16 4221 2460
# 0.247 20 10127 5888
# 0.013 14 1932 1114
# 0.251 22 10437 6052
# 0.026 18 3099 1792
# 0.149 18 7889 4585
# 0.012 16 2009 1170