# 0.07 16 558 327
# 0.04 18 1357 790
# 0.348 26 10020 5824
# 0.423 22 12160 7097
# 0.0 10 82 48
# 0.31 22 10724 6246
# 0.034 18 2915 1693
# 0.006 16 875 506
# 0.04 20 3191 1868
# 0.01 18 1137 650
# 0.001 12 227 129
# 0.013 18 1394 813
# 0.018 18 1730 1011
# 0.514 22 12957 7565
# 0.123 22 6188 3586
# 0.003 14 569 328
# 0.011 20 1661 974
# 0.109 22 5785 3373
# 0.561 24 13631 7940
# 1.089 26 21575 12557
# 0.022 20 2406 1415
# 0.299 24 10273 6001
# 0.0 8 47 27
# 0.035 22 3149 1826
# 0.068 26 4901 2850
# 0.003 16 635 369
# 0.01 18 1473 851
# 0.012 22 1625 945
# 0.011 18 1783 1022
# 0.081 22 5056 2948
# 0.034 20 3175 1849
# 0.103 22 5736 3349
# 0.035 18 3580 2077
# 0.002 16 558 317
# 0.142 20 6862 3987
# 0.006 16 1231 707
# 0.022 22 2467 1438
# 0.003 16 664 379
# 0.0 8 50 28
# 0.349 28 11335 6608
# 0.0 12 122 68
# 0.001 12 163 96
# 0.122 22 6381 3689
# 0.001 12 196 112
# 0.563 24 14642 8550
# 0.011 22 1575 925
# 0.119 20 6658 3868
# 0.654 26 16426 9565
# 0.004 18 821 469
# 0.656 24 16362 9526
# 0.025 18 2972 1733
# 0.001 14 421 238
# 0.693 22 16574 9717
# 1.716 28 29810 17408
# 0.133 22 6781 3926
# 0.051 22 4100 2388
# 1.069 28 23106 13506
# 0.091 24 5472 3196
# 1.271 32 25818 15086
# 0.002 14 355 205
# 0.008 20 1451 835
# 0.0 10 68 38
# 0.02 20 2375 1384
# 0.001 12 129 73
# 0.765 24 18893 10992
# 0.002 16 570 325
# 0.004 16 936 546
# 0.001 14 244 137
# 0.009 20 1518 887
# 0.039 18 3631 2112
# 0.026 22 2696 1573
# 0.003 16 688 396
# 0.007 18 1280 746
# 0.003 16 696 402
# 0.638 26 16512 9631
# 0.222 22 9062 5265
# 0.001 10 93 50
# 0.141 26 6905 4018
# 0.006 16 1213 708
# 0.024 20 2664 1541
# 0.002 16 552 317
# 0.038 24 3444 2002
# 0.023 16 2763 1608
# 0.0 10 84 46
# 0.009 16 1617 944
# 0.002 16 504 287
# 0.04 22 3310 1919
# 0.003 16 505 293
# 0.079 20 4877 2847
# 0.0 10 96 57
# 0.102 20 5750 3347
# 0.084 26 5231 3038
# 0.738 26 17308 10093
# 0.007 16 1038 596
# 0.085 20 4799 2785
# 0.003 14 573 333
# 0.134 22 6732 3917
# 0.005 18 908 532
# 0.006 18 1033 597
# 0.002 16 397 226