# 0.171 16 12955 7278
# 0.167 18 30830 17401
# 0.863 24 199322 116087
# 0.563 22 141675 81750
# 0.002 10 748 419
# 0.445 22 124962 71911
# 0.118 18 30830 17401
# 0.06 16 16213 9136
# 0.312 20 66453 37808
# 0.119 18 37675 21354
# 0.006 12 1970 1101
# 0.098 18 30830 17401
# 0.095 18 30830 17401
# 0.438 22 124962 71911
# 0.497 22 124962 71911
# 0.018 14 6565 3684
# 0.095 18 30830 17401
# 0.571 22 141675 81750
# 0.799 24 216003 126350
# 1.208 26 273734 162239
# 0.216 20 66453 37808
# 0.783 24 199322 116087
# 0.001 8 353 200
# 0.254 20 78135 44694
# 0.499 22 124962 71911
# 0.047 16 16213 9136
# 0.095 18 30830 17401
# 0.473 22 124962 71911
# 0.117 18 37675 21354
# 0.435 22 124962 71911
# 0.259 20 66453 37808
# 0.43 22 124962 71911
# 0.094 18 30830 17401
# 0.038 16 12955 7278
# 2.091 20 66453 37808
# 0.048 16 16213 9136
# 0.438 22 124962 71911
# 0.038 16 12955 7278
# 0.001 8 353 200
# 0.749 24 199322 116087
# 0.005 12 1970 1101
# 0.005 12 1970 1101
# 0.469 22 124962 71911
# 0.006 12 2545 1424
# 0.846 24 216003 126350
# 0.096 18 30830 17401
# 0.216 20 66453 37808
# 1.132 26 273734 162239
# 0.227 18 37675 21354
# 0.862 24 216003 126350
# 0.096 18 30830 17401
# 0.014 14 5132 2873
# 0.426 22 124962 71911
# 1.171 26 263609 155712
# 0.618 22 141675 81750
# 0.222 20 66453 37808
# 1.264 26 273734 162239
# 0.22 20 66453 37808
# 4.145 26 263609 155712
# 0.014 14 5132 2873
# 0.347 20 66453 37808
# 0.002 10 748 419
# 0.256 20 78135 44694
# 0.006 12 1970 1101
# 0.873 24 216003 126350
# 0.049 16 16213 9136
# 0.038 16 12955 7278
# 0.015 14 5132 2873
# 0.118 18 37675 21354
# 0.173 18 30830 17401
# 0.423 22 124962 71911
# 0.047 16 16213 9136
# 0.207 18 37675 21354
# 0.038 16 12955 7278
# 1.084 26 263609 155712
# 0.601 22 141675 81750
# 0.002 10 969 536
# 0.958 24 199322 116087
# 0.048 16 16213 9136
# 0.395 20 78135 44694
# 0.05 16 16213 9136
# 0.219 20 66453 37808
# 0.198 16 16213 9136
# 0.002 10 969 536
# 0.039 16 12955 7278
# 0.038 16 12955 7278
# 0.554 22 124962 71911
# 0.039 16 12955 7278
# 0.334 20 66453 37808
# 0.002 10 748 419
# 0.258 20 78135 44694
# 0.702 22 141675 81750
# 1.093 26 263609 155712
# 0.038 16 12955 7278
# 0.264 20 66453 37808
# 0.018 14 6565 3684
# 0.462 22 124962 71911
# 0.095 18 30830 17401
# 0.159 18 37675 21354
# 0.039 16 12955 7278