# 0.157 16 19543 13118
# 0.182 18 41550 39362
# 5.546 24 1802653 1062878
# 4.098 22 820500 472388
# 0.002 10 491 482
# 1.342 22 502367 354290
# 0.215 18 55845 39362
# 0.057 16 22891 17492
# 0.374 20 148914 118094
# 0.169 18 65416 52484
# 0.101 12 1937 1454
# 0.103 18 40449 39362
# 0.101 18 39715 39362
# 1.024 22 359437 354290
# 2.147 22 636730 354290
# 0.016 14 6939 5828
# 0.162 18 63134 39362
# 3.486 22 609403 472388
# 5.434 24 1656491 1417172
# 37.431 26 5478852 4251524
# 5.618 20 150113 118094
# 46.023 24 1482793 1062878
# 0.001 8 356 212
# 14.476 20 170141 157460
# 108.459 22 376261 354290