# 1.517 26 489180 405050
# 0.176 22 69196 57118
# 4.315 -1 1541838 1276938
# 4.906 22 1624537 1388068
# 0.029 24 11383 9529
# 5.934 -1 1541838 1276938
# 0.938 24 384620 319640
# 0.53 26 199098 171132
# 0.489 24 173553 144714
# 0.215 28 95062 81863
# 0.23 26 102885 85740
# 0.002 28 981 818
# 0.045 20 20018 16686
# 0.252 22 83584 69173
# 4.184 -1 1536624 1272701
# 2.41 22 445394 382503
# 0.176 24 75830 62777
# 4.623 -1 1672805 1428648
# 2.748 24 1014342 868126
# 6.415 -1 1672805 1428648
# 0.252 22 102299 85241
# 3.076 24 1160220 959816
# 0.372 26 111454 96088
# 0.355 24 110325 95093
# 0.658 22 252022 209710
# 1.027 20 346453 298149
# 0.536 24 211406 175970
# 0.228 26 99338 82695
# 0.104 26 28703 24949
# 0.214 28 90411 75028
# 3.688 22 1405066 1162358
# 0.424 22 140170 117403
# 0.37 26 115176 96044
# 5.312 22 779645 646138
# 3.304 22 1197041 990857
# 0.321 26 81288 70186
# 25.243 22 1320110 1092115
# 7.156 24 223108 185721
# 0.014 30 6128 5301
# 36.073 24 756717 626651
# 18.403 26 149948 125331
# 11.387 24 71079 58762