results.txt
Time Elapsed
Nodes Examined
Pruned Branches
Average Branching factor
t1.txt
Time Elapsed
5.225
1.660
3.782
4.081
2.116
1.716
1.852
1.594
3.100
2.524
3.106
2.895
4.540
1.518
4.272
2.027
5.070
3.550
6.122
4.521
1.732
5.467
2.363
2.969
0.369
0.682
0.101
0.170
0.054
0.048
0.014
0.005
0.003
0.001
Nodes Examined
70207
31715
69845
78791
41562
35090
37249
30447
61548
52197
60313
54867
84049
30907
82483
41980
96454
72778
114951
91280
33726
98595
42583
45838
8157
14028
2336
3673
1339
1128
317
129
78
27
Pruned Branches
16439
3134
18973
10863
14519
597
12399
4323
18464
9225
21426
9778
28674
5627
30935
8401
42400
19540
45555
26639
9644
13993
13513
4974
2053
1647
634
511
323
175
52
3
0
0
Average Branching factor
7.00
6.98
6.98
6.98
6.95
6.90
6.89
6.84
6.77
6.71
6.66
6.58
6.62
6.46
6.28
6.19
6.09
6.15
6.12
5.93
5.50
5.66
4.95
4.78
3.91
3.75
3.06
2.97
2.55
2.45
2.05
1.82
1.72
1.89
t10.txt
Time Elapsed
5.316
2.043
7.138
4.950
2.160
1.662
2.126
0.579
4.421
3.158
4.734
3.563
5.176
2.428
2.017
0.872
3.803
Nodes Examined
70207
31715
87312
82505
41391
28382
38515
11720
71093
53466
91103
66285
101779
48122
39894
17518
75553
Pruned Branches
16439
3134
27834
12624
13778
713
14035
2027
25651
3596
27789
6954
38133
8439
11708
1732
12903
Average Branching factor
7.00
6.98
6.98
6.98
6.95
6.89
6.85
6.56
6.54
6.50
6.52
6.44
6.47
6.35
6.30
5.96
6.11
t2.txt
Time Elapsed
4.966
1.617
2.783
2.909
1.813
0.621
2.383
0.335
3.022
1.328
5.022
1.680
4.437
2.150
1.745
0.893
2.614
2.514
2.960
0.757
1.540
0.332
0.529
0.123
0.208
0.086
0.117
0.057
0.055
0.012
0.004
0.004
0.002
0.001
0.001
0.001
0.001
0.000
0.000
Nodes Examined
70207
31715
53140
60116
35618
12948
48374
6752
60539
27382
98310
32269
89625
43077
35963
18963
53347
51477
59620
16249
31901
7504
11229
2908
4758
2010
2742
1352
1345
297
120
103
66
24
34
22
15
2
1
Pruned Branches
16439
3134
13670
8293
10914
694
15919
1850
17547
2487
34953
3026
30321
4994
7362
4472
19033
10354
25125
3286
11973
1957
3615
672
1486
335
726
156
372
40
28
9
13
0
7
0
0
0
0
Average Branching factor
7.00
6.98
6.98
6.97
6.95
6.78
6.87
6.38
6.49
6.38
6.49
6.24
6.41
6.27
6.23
6.08
6.12
5.98
6.05
5.69
5.44
4.89
4.50
4.11
3.81
3.49
3.37
3.01
2.79
2.48
2.13
1.95
1.65
1.58
1.47
1.27
1.07
1.00
1.00
t3.txt
Time Elapsed
5.053
1.548
3.622
4.021
2.790
1.849
2.738
0.321
4.671
1.476
4.695
1.660
4.828
2.362
4.186
2.780
4.001
0.572
3.540
1.104
4.761
0.672
0.949
0.526
0.252
0.184
0.926
0.156
0.257
0.021
0.067
0.010
0.007
0.004
0.003
Nodes Examined
70207
31715
69845
78791
46887
37845
53189
5909
89127
29505
92380
34345
91155
46582
81131
56197
78288
12102
71073
22300
91516
14444
20515
11893
5872
4309
20679
3661
6082
525
1656
270
202
116
72
Pruned Branches
16439
3134
18973
10863
16899
834
23235
1923
36248
3136
28692
2323
22253
3554
35865
8001
32423
965
26346
1989
31460
3538
7239
2419
2302
713
6546
583
1684
97
320
46
0
5
2
Average Branching factor
7.00
6.98
6.98
6.98
6.95
6.91
6.92
6.35
6.57
6.40
6.49
6.35
6.47
6.34
6.40
6.30
6.32
5.94
6.09
5.97
5.90
5.58
5.43
4.85
4.52
3.89
4.12
3.30
3.12
2.44
2.28
1.88
1.67
1.78
1.83
t4.txt
Time Elapsed
5.323
1.614
4.535
3.746
2.266
1.698
2.103
1.892
4.353
3.719
6.619
2.705
3.188
2.469
2.690
0.756
2.170
1.489
2.638
2.452
3.175
1.129
1.275
0.785
0.328
0.182
0.130
0.167
0.082
0.029
0.012
0.008
Nodes Examined
70207
31715
82005
81634
46014
37387
41645
41230
82819
77948
128426
52278
62207
46799
53647
16241
44836
31949
53128
52870
66833
25257
28078
17688
6893
4321
3126
3962
1921
703
310
191
Pruned Branches
16439
3134
20987
11278
16487
864
15938
2145
33236
3100
56150
5725
21738
5526
13418
2018
8549
3582
11630
5190
13319
4379
5625
3143
1233
768
822
629
445
44
62
10
Average Branching factor
7.00
6.98
6.98
6.98
6.95
6.91
6.86
6.85
6.77
6.72
6.71
6.63
6.34
6.28
6.37
5.83
5.79
5.57
5.55
5.22
5.17
4.69
4.43
4.06
3.64
3.37
3.18
3.14
2.77
2.48
2.25
1.94
t5.txt
Time Elapsed
5.145
1.653
4.747
4.345
2.574
1.926
2.885
0.272
4.737
1.562
3.132
1.261
1.611
1.213
2.098
0.763
2.649
1.080
2.387
0.244
1.230
0.520
0.689
0.252
0.561
0.094
0.071
0.026
0.028
Nodes Examined
70207
31715
87312
82505
48391
37882
53577
5865
84599
31269
60068
23924
32001
24086
39829
15263
52247
22585
47616
5275
24736
11398
14355
5480
11909
2168
1603
590
642
Pruned Branches
16439
3134
27834
12624
16681
817
23034
1936
33343
2492
20860
1729
10914
2780
10477
3446
16319
4702
14984
557
7099
2295
4139
1223
2789
402
233
94
73
Average Branching factor
7.00
6.98
6.98
6.98
6.95
6.91
6.91
6.36
6.55
6.42
6.49
6.26
5.99
6.02
6.01
5.73
5.78
5.51
5.39
4.69
4.66
4.48
4.24
3.94
3.84
3.24
2.99
3.00
2.91
t6.txt
Time Elapsed
5.217
1.727
5.354
4.692
6.816
7.735
2.375
4.534
1.322
3.927
2.838
4.215
1.766
2.253
1.070
1.031
1.468
0.368
2.526
0.332
1.601
0.200
0.587
0.120
0.052
0.060
0.086
0.055
0.040
0.009
0.015
0.007
0.008
Nodes Examined
70207
31715
92289
87641
123938
146509
43597
89345
24563
76826
57433
80346
35548
43900
20985
21303
29984
8039
50258
7246
32827
3963
12684
2384
1213
1352
1961
1313
948
233
357
161
195
Pruned Branches
16439
3134
18499
14178
19587
17711
9685
20149
2941
15363
15431
30623
6091
7245
3188
1646
8148
797
17975
1568
11082
784
3802
367
447
147
389
163
166
46
50
25
10
Average Branching factor
7.00
6.98
6.95
6.95
6.95
6.96
6.88
6.82
6.65
6.77
6.72
6.73
6.56
6.60
6.20
5.98
6.00
5.77
5.80
5.64
5.33
4.68
4.52
4.05
3.70
3.52
3.35
3.08
2.82
2.53
2.43
2.09
2.09
t7.txt
Time Elapsed
5.194
1.651
5.133
3.135
4.882
3.643
3.922
3.265
0.725
4.746
2.253
3.999
1.651
1.709
1.382
1.536
1.771
1.433
0.370
1.220
1.629
2.008
2.714
1.467
1.855
0.799
1.292
0.127
0.471
0.096
0.093
0.031
0.024
0.012
0.011
0.002
0.001
0.002
0.000
Nodes Examined
70207
31715
92289
60813
89335
69233
69702
62915
14317
88195
43372
71875
32785
33881
28141
30833
35183
28802
7818
24769
33309
40638
54067
30586
37925
17037
27587
2847
10513
2257
2143
713
544
294
312
53
40
28
13
Pruned Branches
16439
3134
18499
10544
14214
12165
13450
13725
2946
19772
7522
7776
7153
6253
7185
3224
11805
3948
2700
2275
10960
4624
20312
4040
13204
2998
8274
463
2501
572
462
132
88
37
0
0
0
0
0
Average Branching factor
7.00
6.98
6.95
6.94
6.95
6.82
6.78
6.78
6.41
6.48
6.38
6.45
6.26
6.06
5.89
6.05
5.87
5.94
5.45
5.34
5.33
5.35
5.28
5.00
4.70
4.31
4.14
3.40
3.28
2.76
2.49
2.34
2.10
1.86
1.65
1.53
1.40
1.29
1.31
t8.txt
Time Elapsed
5.147
1.656
2.482
0.619
1.761
0.483
2.455
0.239
4.187
1.787
3.051
2.617
6.067
2.636
5.758
4.471
5.182
1.400
8.069
1.097
5.466
1.421
5.573
0.932
1.772
0.373
0.469
0.080
0.149
Nodes Examined
70207
31715
37191
11262
33876
10450
47570
5817
81212
33146
60574
53714
110508
52387
107746
80532
108103
30465
155083
25649
114514
30400
117991
22874
39602
9756
10805
2136
3484
Pruned Branches
16439
3134
10256
387
10269
284
19232
1954
30955
2445
18190
4389
38656
5070
27096
5727
47505
5737
3471
5086
2681
5057
2765
4227
1783
1978
707
441
170
Average Branching factor
7.00
6.98
6.97
6.78
6.90
6.75
6.91
6.36
6.55
6.46
6.48
6.45
6.41
6.35
6.40
6.35
6.38
6.12
6.36
5.72
5.77
5.18
5.56
4.78
4.55
3.87
3.61
2.97
3.01
t9.txt
Time Elapsed
4.945
1.575
2.585
0.589
1.756
0.281
1.924
0.830
1.541
1.439
1.647
1.341
2.630
1.854
3.890
1.783
3.850
1.117
2.489
1.114
3.413
1.418
1.689
0.796
1.315
0.631
0.490
0.690
0.298
0.254
0.031
0.018
0.015
0.002
0.001
0.001
0.001
0.001
0.001
Nodes Examined
70207
31715
49429
11988
32150
6485
40583
18101
32437
30783
35053
28732
55198
39159
79666
38056
78361
24371
52051
24425
70819
30740
36371
17789
29395
14592
11475
15810
7190
6009
785
459
395
56
22
18
18
11
5
Pruned Branches
16439
3134
12513
233
10980
2131
11105
1338
7438
3255
6262
3807
16587
7106
23552
6885
21432
6106
12751
3011
11666
8289
10464
3492
7738
2450
3290
3222
1955
910
149
82
49
2
0
1
0
1
0
Average Branching factor
7.00
6.98
6.97
6.79
6.90
6.40
6.46
6.30
6.36
6.39
6.37
6.27
6.35
6.32
6.43
6.20
6.23
6.11
6.03
5.67
5.80
5.63
5.35
4.99
4.70
4.20
4.21
3.93
3.45
3.07
2.69
2.32
1.97
2.04
1.77
1.72
1.61
1.55
1.60
